Jacobi solver converges in 37329 iterations, with residual 0.000999623


x for Jacobi:
23.2946, 43.5893, 63.4651, 83.6659, 104.599, 126.514, 149.582, 173.922, 199.626, 226.764, 255.392, 285.557, 317.298, 350.647, 385.632, 422.277, 460.603, 500.629, 542.372, 585.847, 631.066, 678.041, 726.784, 777.305, 829.612, 883.715, 939.619, 997.334, 1056.86, 1118.22, 1181.4, 1246.41, 1313.26, 1381.96, 1452.5, 1524.89, 1599.14, 1675.24, 1753.21, 1833.04, 1914.74, 1998.3, 2083.74, 2171.05, 2260.24, 2351.31, 2444.26, 2539.1, 2635.81, 2734.41, 2834.9, 2937.28, 3041.55, 3147.71, 3255.76, 3365.7, 3477.53, 3591.26, 3706.89, 3824.41, 3943.82, 4065.13, 4188.34, 4313.44, 4440.44, 4569.34, 4700.13, 4832.82, 4967.41, 5103.89, 5242.26, 5382.53, 5524.7, 5668.76, 5814.71, 5962.55, 6112.28, 6263.9, 6417.41, 6572.81, 6730.1, 6889.26, 7050.31, 7213.24, 7378.05, 7544.74, 7713.3, 7883.74, 8056.04, 8230.21, 8406.24, 8584.14, 8763.89, 8945.5, 9128.96, 9314.26, 9501.41, 9690.4, 9881.22, 10073.9, 10268.3, 10464.6, 10662.7, 10862.6, 11064.3, 11267.8, 11473, 11680.1, 11888.8, 12099.4, 12311.6, 12525.6, 12741.3, 12958.6, 13177.6, 13398.3, 13620.6, 13844.4, 14069.8, 14296.6, 14524.9, 14754.6, 14985.5, 15217.6, 15450.7, 15684.5, 15918.6, 16152.3, 
43.5893, 81.5973, 117.605, 152.6, 187.214, 221.877, 256.891, 292.481, 328.817, 366.036, 404.247, 443.539, 483.988, 525.658, 568.603, 612.872, 658.506, 705.542, 754.013, 803.949, 855.375, 908.315, 962.791, 1018.82, 1076.43, 1135.63, 1196.43, 1258.85, 1322.91, 1388.61, 1455.96, 1524.99, 1595.69, 1668.07, 1742.15, 1817.93, 1895.42, 1974.62, 2055.55, 2138.21, 2222.6, 2308.73, 2396.61, 2486.23, 2577.61, 2670.75, 2765.64, 2862.31, 2960.74, 3060.94, 3162.92, 3266.67, 3372.21, 3479.52, 3588.62, 3699.5, 3812.17, 3926.63, 4042.88, 4160.92, 4280.75, 4402.37, 4525.78, 4650.99, 4777.99, 4906.78, 5037.37, 5169.75, 5303.92, 5439.88, 5577.63, 5717.17, 5858.5, 6001.62, 6146.52, 6293.21, 6441.67, 6591.92, 6743.94, 6897.74, 7053.31, 7210.64, 7369.75, 7530.61, 7693.23, 7857.61, 8023.73, 8191.6, 8361.21, 8532.55, 8705.62, 8880.42, 9056.93, 9235.15, 9415.07, 9596.69, 9779.99, 9964.96, 10151.6, 10339.9, 10529.9, 10721.4, 10914.6, 11109.4, 11305.8, 11503.8, 11703.3, 11904.4, 12106.9, 12311, 12516.5, 12723.5, 12931.9, 13141.6, 13352.7, 13565, 13778.5, 13993.2, 14209, 14425.8, 14643.5, 14861.9, 15080.9, 15300.2, 15519.6, 15738.6, 15956.6, 16172.6, 
63.4651, 117.605, 168.759, 217.913, 265.782, 312.888, 359.625, 406.292, 453.127, 500.318, 548.02, 596.364, 645.457, 695.393, 746.251, 798.102, 851.007, 905.02, 960.19, 1016.56, 1074.17, 1133.05, 1193.24, 1254.77, 1317.66, 1381.93, 1447.62, 1514.74, 1583.3, 1653.34, 1724.86, 1797.88, 1872.42, 1948.49, 2026.1, 2105.26, 2185.98, 2268.28, 2352.17, 2437.65, 2524.73, 2613.42, 2703.72, 2795.66, 2889.22, 2984.42, 3081.26, 3179.75, 3279.89, 3381.7, 3485.16, 3590.29, 3697.08, 3805.55, 3915.7, 4027.52, 4141.02, 4256.21, 4373.08, 4491.64, 4611.88, 4733.81, 4857.43, 4982.74, 5109.74, 5238.43, 5368.81, 5500.88, 5634.64, 5770.08, 5907.21, 6046.02, 6186.52, 6328.7, 6472.55, 6618.08, 6765.29, 6914.16, 7064.7, 7216.89, 7370.75, 7526.26, 7683.42, 7842.22, 8002.66, 8164.72, 8328.42, 8493.73, 8660.65, 8829.17, 8999.28, 9170.98, 9344.26, 9519.1, 9695.49, 9873.42, 10052.9, 10233.9, 10416.3, 10600.3, 10785.7, 10972.6, 11160.9, 11350.7, 11541.8, 11734.2, 11928.1, 12123.2, 12319.6, 12517.2, 12716, 12916, 13117.1, 13319.3, 13522.4, 13726.5, 13931.4, 14137, 14343.3, 14550.1, 14757.3, 14964.6, 15171.9, 15378.8, 15584.9, 15789.8, 15992.6, 16192.5, 
83.6659, 152.6, 217.913, 280.512, 341.111, 400.27, 458.428, 515.937, 573.079, 630.087, 687.153, 744.439, 802.084, 860.206, 918.907, 978.279, 1038.4, 1099.34, 1161.17, 1223.93, 1287.69, 1352.48, 1418.36, 1485.35, 1553.5, 1622.83, 1693.38, 1765.17, 1838.23, 1912.59, 1988.26, 2065.27, 2143.63, 2223.37, 2304.49, 2387.02, 2470.97, 2556.36, 2643.19, 2731.48, 2821.24, 2912.49, 3005.22, 3099.45, 3195.19, 3292.45, 3391.23, 3491.54, 3593.39, 3696.79, 3801.73, 3908.23, 4016.29, 4125.91, 4237.1, 4349.86, 4464.19, 4580.1, 4697.6, 4816.67, 4937.32, 5059.57, 5183.39, 5308.81, 5435.81, 5564.39, 5694.57, 5826.32, 5959.67, 6094.6, 6231.1, 6369.19, 6508.86, 6650.1, 6792.91, 6937.29, 7083.23, 7230.73, 7379.79, 7530.39, 7682.54, 7836.23, 7991.45, 8148.19, 8306.45, 8466.22, 8627.49, 8790.24, 8954.48, 9120.19, 9287.36, 9455.97, 9626.02, 9797.49, 9970.37, 10144.6, 10320.3, 10497.3, 10675.6, 10855.2, 11036.2, 11218.4, 11401.8, 11586.5, 11772.4, 11959.4, 12147.5, 12336.7, 12526.9, 12718.2, 12910.3, 13103.4, 13297.3, 13491.9, 13687.2, 13883.1, 14079.4, 14276.2, 14473.1, 14670.1, 14866.9, 15063.4, 15259.3, 15454.1, 15647.5, 15838.9, 16027.6, 16212.7, 
104.599, 187.214, 265.782, 341.111, 413.881, 484.651, 553.881, 621.948, 689.166, 755.798, 822.065, 888.156, 954.234, 1020.44, 1086.89, 1153.71, 1220.97, 1288.78, 1357.2, 1426.31, 1496.17, 1566.83, 1638.35, 1710.78, 1784.15, 1858.51, 1933.89, 2010.34, 2087.87, 2166.52, 2246.32, 2327.3, 2409.46, 2492.85, 2577.48, 2663.37, 2750.53, 2838.99, 2928.76, 3019.85, 3112.28, 3206.06, 3301.21, 3397.73, 3495.64, 3594.95, 3695.67, 3797.79, 3901.35, 4006.33, 4112.75, 4220.61, 4329.93, 4440.7, 4552.93, 4666.62, 4781.78, 4898.42, 5016.53, 5136.12, 5257.19, 5379.73, 5503.77, 5629.28, 5756.28, 5884.77, 6014.73, 6146.19, 6279.12, 6413.53, 6549.42, 6686.78, 6825.62, 6965.93, 7107.7, 7250.93, 7395.61, 7541.75, 7689.33, 7838.35, 7988.79, 8140.67, 8293.95, 8448.64, 8604.73, 8762.21, 8921.06, 9081.28, 9242.85, 9405.76, 9569.99, 9735.53, 9902.37, 10070.5, 10239.9, 10410.5, 10582.3, 10755.3, 10929.5, 11104.9, 11281.3, 11458.9, 11637.5, 11817.1, 11997.8, 12179.4, 12361.8, 12545.2, 12729.3, 12914.2, 13099.8, 13286, 13472.7, 13659.9, 13847.4, 14035.2, 14223.2, 14411.1, 14598.8, 14786.2, 14972.9, 15158.9, 15343.7, 15526.9, 15708.1, 15886.8, 16062.2, 16233.6, 
126.514, 221.877, 312.888, 400.27, 484.651, 566.574, 646.496, 724.808, 801.84, 877.874, 953.154, 1027.89, 1102.26, 1176.42, 1250.52, 1324.68, 1399.01, 1473.6, 1548.55, 1623.95, 1699.85, 1776.33, 1853.45, 1931.26, 2009.82, 2089.16, 2169.35, 2250.41, 2332.38, 2415.31, 2499.21, 2584.13, 2670.08, 2757.1, 2845.21, 2934.43, 3024.79, 3116.31, 3208.99, 3302.87, 3397.96, 3494.28, 3591.83, 3690.63, 3790.7, 3892.05, 3994.69, 4098.62, 4203.87, 4310.43, 4418.32, 4527.55, 4638.11, 4750.02, 4863.29, 4977.92, 5093.9, 5211.26, 5329.99, 5450.09, 5571.56, 5694.42, 5818.66, 5944.28, 6071.28, 6199.66, 6329.42, 6460.56, 6593.09, 6726.99, 6862.26, 6998.9, 7136.92, 7276.29, 7417.02, 7559.11, 7702.55, 7847.32, 7993.43, 8140.87, 8289.62, 8439.69, 8591.05, 8743.7, 8897.63, 9052.83, 9209.28, 9366.96, 9525.87, 9685.99, 9847.31, 10009.8, 10173.4, 10338.2, 10504.1, 10671.1, 10839.1, 11008.2, 11178.3, 11349.4, 11521.4, 11694.3, 11868.2, 12042.8, 12218.3, 12394.4, 12571.3, 12748.8, 12926.9, 13105.6, 13284.6, 13464, 13643.7, 13823.5, 14003.4, 14183.3, 14362.9, 14542.2, 14720.9, 14898.8, 15075.8, 15251.5, 15425.6, 15597.7, 15767.3, 15933.9, 16096.9, 16255.5, 
149.582, 256.891, 359.625, 458.428, 553.881, 646.496, 736.721, 824.947, 911.511, 996.706, 1080.79, 1163.98, 1246.48, 1328.47, 1410.09, 1491.48, 1572.77, 1654.07, 1735.47, 1817.07, 1898.95, 1981.18, 2063.85, 2146.99, 2230.69, 2314.98, 2399.93, 2485.57, 2571.95, 2659.11, 2747.09, 2835.92, 2925.63, 3016.26, 3107.83, 3200.37, 3293.9, 3388.45, 3484.04, 3580.69, 3678.42, 3777.25, 3877.19, 3978.26, 4080.48, 4183.86, 4288.41, 4394.15, 4501.08, 4609.21, 4718.56, 4829.14, 4940.95, 5054, 5168.3, 5283.85, 5400.66, 5518.73, 5638.07, 5758.68, 5880.56, 6003.73, 6128.17, 6253.89, 6380.89, 6509.17, 6638.73, 6769.56, 6901.68, 7035.07, 7169.73, 7305.66, 7442.85, 7581.3, 7721, 7861.95, 8004.14, 8147.56, 8292.21, 8438.08, 8585.15, 8733.41, 8882.86, 9033.48, 9185.26, 9338.19, 9492.25, 9647.42, 9803.69, 9961.04, 10119.4, 10278.9, 10439.4, 10600.8, 10763.3, 10926.6, 11090.9, 11256.1, 11422.1, 11589, 11756.6, 11924.9, 12094, 12263.7, 12434, 12604.8, 12776.2, 12947.9, 13120.1, 13292.5, 13465.1, 13637.8, 13810.5, 13983.1, 14155.5, 14327.5, 14499, 14669.8, 14839.7, 15008.5, 15175.9, 15341.7, 15505.5, 15666.9, 15825.4, 15980.6, 16131.9, 16278.6, 
173.922, 292.481, 406.292, 515.937, 621.948, 724.808, 824.947, 922.748, 1018.55, 1112.65, 1205.31, 1296.77, 1387.23, 1476.88, 1565.88, 1654.39, 1742.53, 1830.42, 1918.18, 2005.91, 2093.69, 2181.62, 2269.76, 2358.18, 2446.96, 2536.15, 2625.81, 2715.99, 2806.74, 2898.1, 2990.12, 3082.83, 3176.27, 3270.47, 3365.47, 3461.3, 3557.99, 3655.55, 3754.03, 3853.43, 3953.78, 4055.11, 4157.43, 4260.75, 4365.1, 4470.5, 4576.95, 4684.47, 4793.08, 4902.77, 5013.58, 5125.5, 5238.55, 5352.73, 5468.05, 5584.52, 5702.14, 5820.93, 5940.88, 6062, 6184.29, 6307.75, 6432.4, 6558.22, 6685.22, 6813.4, 6942.75, 7073.29, 7205, 7337.88, 7471.93, 7607.14, 7743.52, 7881.05, 8019.73, 8159.55, 8300.5, 8442.58, 8585.77, 8730.08, 8875.47, 9021.95, 9169.5, 9318.1, 9467.75, 9618.43, 9770.11, 9922.78, 10076.4, 10231, 10386.6, 10543, 10700.3, 10858.5, 11017.5, 11177.3, 11337.8, 11499.1, 11661.1, 11823.7, 11987, 12150.8, 12315.2, 12480, 12645.2, 12810.8, 12976.6, 13142.7, 13308.9, 13475.2, 13641.4, 13807.5, 13973.4, 14138.9, 14303.9, 14468.2, 14631.8, 14794.3, 14955.6, 15115.5, 15273.7, 15429.9, 15583.8, 15734.9, 15882.9, 16027.3, 16167.5, 16302.9, 
199.626, 328.817, 453.127, 573.079, 689.166, 801.84, 911.511, 1018.55, 1123.29, 1226.03, 1327.04, 1426.55, 1524.79, 1621.94, 1718.18, 1813.66, 1908.53, 2002.91, 2096.93, 2190.7, 2284.3, 2377.83, 2471.38, 2565.02, 2658.82, 2752.85, 2847.18, 2941.85, 3036.92, 3132.43, 3228.45, 3325, 3422.14, 3519.89, 3618.3, 3717.39, 3817.2, 3917.75, 4019.08, 4121.22, 4224.17, 4327.98, 4432.65, 4538.21, 4644.68, 4752.08, 4860.42, 4969.71, 5079.98, 5191.23, 5303.48, 5416.74, 5531.01, 5646.31, 5762.65, 5880.04, 5998.47, 6117.97, 6238.52, 6360.14, 6482.84, 6606.6, 6731.45, 6857.37, 6984.37, 7112.45, 7241.6, 7371.84, 7503.14, 7635.52, 7768.97, 7903.47, 8039.04, 8175.65, 8313.31, 8452.01, 8591.74, 8732.48, 8874.23, 9016.98, 9160.71, 9305.42, 9451.08, 9597.68, 9745.21, 9893.65, 10043, 10193.2, 10344.2, 10496.1, 10648.8, 10802.2, 10956.4, 11111.3, 11266.9, 11423.1, 11580, 11737.4, 11895.4, 12053.9, 12212.8, 12372.2, 12531.9, 12691.8, 12852, 13012.4, 13172.8, 13333.3, 13493.7, 13653.9, 13813.9, 13973.5, 14132.7, 14291.2, 14448.9, 14605.8, 14761.6, 14916, 15069, 15220.3, 15369.5, 15516.5, 15660.8, 15802.2, 15940.1, 16074.1, 16203.8, 16328.6, 
226.764, 366.036, 500.318, 630.087, 755.798, 877.874, 996.706, 1112.65, 1226.03, 1337.15, 1446.26, 1553.62, 1659.43, 1763.91, 1867.22, 1969.54, 2071.01, 2171.77, 2271.94, 2371.64, 2470.97, 2570.03, 2668.91, 2767.69, 2866.46, 2965.27, 3064.19, 3163.3, 3262.64, 3362.27, 3462.24, 3562.6, 3663.39, 3764.66, 3866.43, 3968.75, 4071.66, 4175.18, 4279.34, 4384.18, 4489.71, 4595.98, 4702.99, 4810.77, 4919.34, 5028.72, 5138.93, 5249.98, 5361.9, 5474.69, 5588.37, 5702.95, 5818.45, 5934.86, 6052.21, 6170.5, 6289.74, 6409.94, 6531.1, 6653.22, 6776.31, 6900.38, 7025.42, 7151.44, 7278.44, 7406.42, 7535.38, 7665.31, 7796.22, 7928.1, 8060.94, 8194.74, 8329.5, 8465.21, 8601.86, 8739.45, 8877.95, 9017.37, 9157.69, 9298.9, 9440.98, 9583.93, 9727.72, 9872.34, 10017.8, 10164, 10311, 10458.7, 10607.2, 10756.3, 10906.2, 11056.7, 11207.8, 11359.4, 11511.7, 11664.4, 11817.6, 11971.2, 12125.3, 12279.6, 12434.3, 12589.2, 12744.3, 12899.5, 13054.7, 13209.9, 13365, 13520, 13674.6, 13828.9, 13982.8, 14136, 14288.5, 14440.2, 14590.9, 14740.4, 14888.6, 15035.3, 15180.1, 15323, 15463.6, 15601.7, 15736.9, 15868.8, 15997.1, 16121.3, 16241, 16355.8, 
255.392, 404.247, 548.02, 687.153, 822.065, 953.154, 1080.79, 1205.31, 1327.04, 1446.26, 1563.24, 1678.22, 1791.42, 1903.04, 2013.27, 2122.27, 2230.21, 2337.21, 2443.42, 2548.95, 2653.92, 2758.41, 2862.54, 2966.39, 3070.04, 3173.56, 3277.03, 3380.52, 3484.08, 3587.77, 3691.65, 3795.77, 3900.17, 4004.91, 4110.02, 4215.54, 4321.5, 4427.96, 4534.92, 4642.44, 4750.53, 4859.23, 4968.55, 5078.53, 5189.18, 5300.53, 5412.6, 5525.39, 5638.94, 5753.26, 5868.36, 5984.26, 6100.96, 6218.48, 6336.83, 6456.02, 6576.06, 6696.95, 6818.7, 6941.32, 7064.81, 7189.18, 7314.42, 7440.54, 7567.54, 7695.42, 7824.18, 7953.81, 8084.32, 8215.7, 8347.95, 8481.06, 8615.02, 8749.83, 8885.48, 9021.96, 9159.26, 9297.36, 9436.26, 9575.94, 9716.39, 9857.6, 9999.53, 10142.2, 10285.5, 10429.6, 10574.2, 10719.5, 10865.4, 11011.9, 11159, 11306.5, 11454.5, 11603, 11751.9, 11901.2, 12050.8, 12200.7, 12350.8, 12501.1, 12651.5, 12802, 12952.6, 13103, 13253.4, 13403.5, 13553.4, 13702.9, 13852, 14000.4, 14148.2, 14295.2, 14441.3, 14586.3, 14730, 14872.4, 15013.2, 15152.2, 15289.3, 15424, 15556.3, 15685.8, 15812.2, 15935.1, 16054.2, 16169, 16279.2, 16384.4, 
285.557, 443.539, 596.364, 744.439, 888.156, 1027.89, 1163.98, 1296.77, 1426.55, 1553.62, 1678.22, 1800.6, 1920.98, 2039.57, 2156.54, 2272.08, 2386.33, 2499.46, 2611.58, 2722.83, 2833.32, 2943.16, 3052.45, 3161.28, 3269.74, 3377.91, 3485.86, 3593.66, 3701.38, 3809.08, 3916.82, 4024.65, 4132.62, 4240.79, 4349.19, 4457.87, 4566.87, 4676.22, 4785.96, 4896.13, 5006.75, 5117.85, 5229.46, 5341.62, 5454.33, 5567.63, 5681.53, 5796.05, 5911.22, 6027.05, 6143.56, 6260.75, 6378.65, 6497.27, 6616.61, 6736.69, 6857.52, 6979.1, 7101.45, 7224.56, 7348.44, 7473.1, 7598.54, 7724.75, 7851.75, 7979.54, 8108.1, 8237.44, 8367.56, 8498.45, 8630.1, 8762.52, 8895.69, 9029.61, 9164.27, 9299.65, 9435.75, 9572.56, 9710.05, 9848.22, 9987.05, 10126.5, 10266.6, 10407.3, 10548.6, 10690.5, 10832.8, 10975.7, 11119.1, 11263, 11407.2, 11551.9, 11696.9, 11842.2, 11987.8, 12133.6, 12279.7, 12425.8, 12572.1, 12718.4, 12864.7, 13010.9, 13156.9, 13302.7, 13448.3, 13593.5, 13738.2, 13882.3, 14025.8, 14168.6, 14310.5, 14451.3, 14591.1, 14729.5, 14866.6, 15002, 15135.6, 15267.2, 15396.6, 15523.6, 15647.8, 15769, 15886.9, 16001.2, 16111.4, 16217.4, 16318.5, 16414.6, 
317.298, 483.988, 645.457, 802.084, 954.234, 1102.26, 1246.48, 1387.23, 1524.79, 1659.43, 1791.42, 1920.98, 2048.34, 2173.7, 2297.25, 2419.16, 2539.59, 2658.7, 2776.61, 2893.47, 3009.38, 3124.47, 3238.83, 3352.55, 3465.74, 3578.47, 3690.83, 3802.88, 3914.7, 4026.35, 4137.9, 4249.39, 4360.88, 4472.43, 4584.09, 4695.89, 4807.87, 4920.09, 5032.57, 5145.36, 5258.48, 5371.96, 5485.84, 5600.14, 5714.89, 5830.12, 5945.83, 6062.07, 6178.84, 6296.17, 6414.06, 6532.55, 6651.63, 6771.33, 6891.66, 7012.62, 7134.23, 7256.49, 7379.42, 7503.02, 7627.29, 7752.24, 7877.87, 8004.19, 8131.19, 8258.87, 8387.24, 8516.29, 8646.02, 8776.42, 8907.49, 9039.23, 9171.62, 9304.66, 9438.33, 9572.63, 9707.55, 9843.06, 9979.17, 10115.8, 10253.1, 10390.8, 10529.1, 10667.9, 10807.1, 10946.8, 11087, 11227.5, 11368.4, 11509.6, 11651.1, 11792.9, 11934.9, 12077.1, 12219.4, 12361.9, 12504.4, 12646.9, 12789.4, 12931.7, 13073.9, 13215.8, 13357.5, 13498.7, 13639.6, 13779.8, 13919.5, 14058.4, 14196.5, 14333.6, 14469.7, 14604.6, 14738.2, 14870.2, 15000.7, 15129.3, 15256, 15380.4, 15502.4, 15621.8, 15738.2, 15851.5, 15961.3, 16067.2, 16169.1, 16266.5, 16359, 16446.3, 
350.647, 525.658, 695.393, 860.206, 1020.44, 1176.42, 1328.47, 1476.88, 1621.94, 1763.91, 1903.04, 2039.57, 2173.7, 2305.65, 2435.6, 2563.72, 2690.18, 2815.13, 2938.71, 3061.05, 3182.27, 3302.5, 3421.83, 3540.36, 3658.19, 3775.42, 3892.1, 4008.34, 4124.19, 4239.73, 4355.02, 4470.12, 4585.09, 4699.98, 4814.84, 4929.71, 5044.65, 5159.7, 5274.88, 5390.25, 5505.84, 5621.68, 5737.79, 5854.22, 5970.98, 6088.11, 6205.63, 6323.55, 6441.9, 6560.71, 6679.98, 6799.74, 6919.99, 7040.76, 7162.06, 7283.9, 7406.28, 7529.22, 7652.73, 7776.81, 7901.46, 8026.7, 8152.53, 8278.94, 8405.94, 8533.53, 8661.7, 8790.46, 8919.81, 9049.73, 9180.22, 9311.28, 9442.9, 9575.06, 9707.76, 9840.99, 9974.74, 10109, 10243.7, 10378.9, 10514.5, 10650.6, 10787.1, 10924, 11061.2, 11198.8, 11336.7, 11474.8, 11613.3, 11751.9, 11890.7, 12029.7, 12168.7, 12307.8, 12447, 12586.1, 12725.1, 12864, 13002.7, 13141.2, 13279.3, 13417.1, 13554.4, 13691.2, 13827.4, 13962.8, 14097.5, 14231.3, 14364, 14495.7, 14626.1, 14755.2, 14882.7, 15008.6, 15132.6, 15254.7, 15374.6, 15492, 15606.9, 15718.9, 15827.9, 15933.5, 16035.4, 16133.4, 16227.2, 16316.4, 16400.7, 16479.6, 
385.632, 568.603, 746.251, 918.907, 1086.89, 1250.52, 1410.09, 1565.88, 1718.18, 1867.22, 2013.27, 2156.54, 2297.25, 2435.6, 2571.77, 2705.94, 2838.28, 2968.93, 3098.04, 3225.74, 3352.16, 3477.42, 3601.62, 3724.87, 3847.26, 3968.89, 4089.83, 4210.18, 4330, 4449.36, 4568.34, 4686.99, 4805.38, 4923.55, 5041.57, 5159.48, 5277.33, 5395.16, 5513.01, 5630.93, 5748.96, 5867.11, 5985.44, 6103.96, 6222.71, 6341.72, 6461.01, 6580.6, 6700.52, 6820.78, 6941.41, 7062.43, 7183.84, 7305.67, 7427.93, 7550.63, 7673.78, 7797.39, 7921.46, 8046.02, 8171.05, 8296.58, 8422.59, 8549.1, 8676.1, 8803.59, 8931.58, 9060.05, 9189.02, 9318.46, 9448.39, 9578.78, 9709.63, 9840.93, 9972.67, 10104.8, 10237.4, 10370.4, 10503.8, 10637.5, 10771.6, 10906, 11040.7, 11175.7, 11311, 11446.4, 11582.1, 11718, 11853.9, 11990, 12126.2, 12262.3, 12398.5, 12534.6, 12670.6, 12806.4, 12942, 13077.3, 13212.4, 13347, 13481.2, 13614.8, 13747.9, 13880.3, 14011.9, 14142.6, 14272.4, 14401.2, 14528.7, 14655, 14779.9, 14903.3, 15024.9, 15144.8, 15262.6, 15378.2, 15491.5, 15602.3, 15710.2, 15815.2, 15916.9, 16015.1, 16109.5, 16199.9, 16285.9, 16367.3, 16443.6, 16514.6, 
422.277, 612.872, 798.102, 978.279, 1153.71, 1324.68, 1491.48, 1654.39, 1813.66, 1969.54, 2122.27, 2272.08, 2419.16, 2563.72, 2705.94, 2846, 2984.06, 3120.27, 3254.78, 3387.72, 3519.22, 3649.4, 3778.37, 3906.24, 4033.09, 4159.04, 4284.16, 4408.54, 4532.26, 4655.38, 4777.98, 4900.12, 5021.87, 5143.28, 5264.41, 5385.3, 5506.02, 5626.6, 5747.08, 5867.51, 5987.93, 6108.38, 6228.88, 6349.47, 6470.19, 6591.05, 6712.08, 6833.32, 6954.78, 7076.49, 7198.46, 7320.72, 7443.28, 7566.15, 7689.36, 7812.91, 7936.81, 8061.08, 8185.72, 8310.75, 8436.16, 8561.96, 8688.16, 8814.76, 8941.76, 9069.16, 9196.96, 9325.16, 9453.75, 9582.72, 9712.08, 9841.81, 9971.91, 10102.4, 10233.2, 10364.3, 10495.7, 10627.5, 10759.5, 10891.8, 11024.3, 11157.1, 11290, 11423.2, 11556.5, 11689.9, 11823.4, 11956.9, 12090.5, 12224.1, 12357.6, 12491, 12624.3, 12757.4, 12890.3, 13022.9, 13155.1, 13287, 13418.4, 13549.3, 13679.5, 13809.2, 13938, 14066.1, 14193.2, 14319.4, 14444.4, 14568.2, 14690.7, 14811.8, 14931.3, 15049.1, 15165, 15278.9, 15390.7, 15500.2, 15607.1, 15711.3, 15812.5, 15910.7, 16005.4, 16096.5, 16183.7, 16266.7, 16345.3, 16419.1, 16487.9, 16551.3, 
460.603, 658.506, 851.007, 1038.4, 1220.97, 1399.01, 1572.77, 1742.53, 1908.53, 2071.01, 2230.21, 2386.33, 2539.59, 2690.18, 2838.28, 2984.06, 3127.68, 3269.31, 3409.08, 3547.14, 3683.6, 3818.59, 3952.22, 4084.61, 4215.84, 4346.02, 4475.24, 4603.57, 4731.11, 4857.92, 4984.08, 5109.65, 5234.71, 5359.3, 5483.48, 5607.31, 5730.85, 5854.13, 5977.2, 6100.11, 6222.89, 6345.59, 6468.24, 6590.87, 6713.51, 6836.2, 6958.96, 7081.82, 7204.81, 7327.94, 7451.23, 7574.71, 7698.4, 7822.3, 7946.44, 8070.83, 8195.48, 8320.4, 8445.6, 8571.09, 8696.87, 8822.95, 8949.34, 9076.03, 9203.03, 9330.34, 9457.95, 9585.87, 9714.09, 9842.6, 9971.4, 10100.5, 10229.8, 10359.4, 10489.3, 10619.4, 10749.7, 10880.2, 11010.9, 11141.8, 11272.8, 11404, 11535.2, 11666.5, 11797.9, 11929.2, 12060.6, 12191.9, 12323.1, 12454.2, 12585.1, 12715.8, 12846.3, 12976.5, 13106.3, 13235.7, 13364.7, 13493.1, 13620.9, 13748.1, 13874.6, 14000.2, 14125, 14248.8, 14371.6, 14493.2, 14613.6, 14732.6, 14850.1, 14966.1, 15080.3, 15192.7, 15303.1, 15411.3, 15517.2, 15620.6, 15721.3, 15819.2, 15914, 16005.5, 16093.5, 16177.8, 16258, 16334, 16405.4, 16472, 16533.5, 16589.6, 
500.629, 705.542, 905.02, 1099.34, 1288.78, 1473.6, 1654.07, 1830.42, 2002.91, 2171.77, 2337.21, 2499.46, 2658.7, 2815.13, 2968.93, 3120.27, 3269.31, 3416.21, 3561.11, 3704.15, 3845.45, 3985.14, 4123.33, 4260.13, 4395.64, 4529.96, 4663.19, 4795.4, 4926.68, 5057.11, 5186.77, 5315.71, 5444, 5571.71, 5698.9, 5825.62, 5951.93, 6077.86, 6203.48, 6328.82, 6453.93, 6578.85, 6703.61, 6828.24, 6952.79, 7077.28, 7201.74, 7326.2, 7450.68, 7575.21, 7699.81, 7824.5, 7949.3, 8074.22, 8199.28, 8324.5, 8449.88, 8575.44, 8701.19, 8827.13, 8953.28, 9079.64, 9206.21, 9332.99, 9459.99, 9587.21, 9714.64, 9842.28, 9970.13, 10098.2, 10226.4, 10354.9, 10483.5, 10612.3, 10741.2, 10870.3, 10999.5, 11128.8, 11258.2, 11387.7, 11517.2, 11646.7, 11776.3, 11905.8, 12035.2, 12164.6, 12293.8, 12422.9, 12551.8, 12680.5, 12808.9, 12936.9, 13064.6, 13191.9, 13318.7, 13445, 13570.7, 13695.8, 13820.1, 13943.7, 14066.4, 14188.2, 14309, 14428.6, 14547.1, 14664.3, 14780.1, 14894.4, 15007.1, 15118.1, 15227.2, 15334.3, 15439.3, 15541.9, 15642.1, 15739.7, 15834.5, 15926.2, 16014.8, 16099.9, 16181.4, 16259.1, 16332.6, 16401.8, 16466.3, 16526, 16580.5, 16629.6, 
542.372, 754.013, 960.19, 1161.17, 1357.2, 1548.55, 1735.47, 1918.18, 2096.93, 2271.94, 2443.42, 2611.58, 2776.61, 2938.71, 3098.04, 3254.78, 3409.08, 3561.11, 3711, 3858.89, 4004.91, 4149.18, 4291.82, 4432.93, 4572.63, 4711.01, 4848.15, 4984.16, 5119.11, 5253.09, 5386.16, 5518.4, 5649.88, 5780.66, 5910.79, 6040.35, 6169.37, 6297.92, 6426.04, 6553.78, 6681.17, 6808.27, 6935.1, 7061.71, 7188.13, 7314.39, 7440.52, 7566.55, 7692.51, 7818.42, 7944.3, 8070.18, 8196.07, 8321.99, 8447.96, 8573.99, 8700.1, 8826.29, 8952.58, 9078.98, 9205.49, 9332.11, 9458.86, 9585.73, 9712.73, 9839.86, 9967.11, 10094.5, 10222, 10349.6, 10477.3, 10605.1, 10733, 10861, 10989, 11117.1, 11245.2, 11373.3, 11501.4, 11629.5, 11757.6, 11885.5, 12013.4, 12141.1, 12268.7, 12396.1, 12523.3, 12650.2, 12776.8, 12903, 13028.9, 13154.4, 13279.3, 13403.8, 13527.7, 13650.9, 13773.4, 13895.2, 14016.1, 14136.1, 14255.2, 14373.2, 14490, 14605.6, 14719.9, 14832.8, 14944.2, 15053.9, 15161.9, 15268, 15372.1, 15474.1, 15573.8, 15671, 15765.7, 15857.6, 15946.6, 16032.4, 16114.9, 16193.9, 16269.2, 16340.5, 16407.6, 16470.2, 16528.2, 16581.2, 16629, 16671.4, 
585.847, 803.949, 1016.56, 1223.93, 1426.31, 1623.95, 1817.07, 2005.91, 2190.7, 2371.64, 2548.95, 2722.83, 2893.47, 3061.05, 3225.74, 3387.72, 3547.14, 3704.15, 3858.89, 4011.51, 4162.12, 4310.86, 4457.83, 4603.16, 4746.94, 4889.28, 5030.26, 5169.98, 5308.52, 5445.96, 5582.39, 5717.86, 5852.46, 5986.24, 6119.27, 6251.6, 6383.3, 6514.41, 6644.98, 6775.07, 6904.71, 7033.94, 7162.82, 7291.37, 7419.63, 7547.63, 7675.4, 7802.98, 7930.39, 8057.66, 8184.8, 8311.85, 8438.81, 8565.72, 8692.58, 8819.42, 8946.23, 9073.05, 9199.87, 9326.71, 9453.57, 9580.46, 9707.39, 9834.35, 9961.35, 10088.4, 10215.5, 10342.6, 10469.7, 10596.9, 10724, 10851.2, 10978.4, 11105.6, 11232.7, 11359.8, 11486.8, 11613.8, 11740.7, 11867.4, 11994, 12120.4, 12246.6, 12372.6, 12498.4, 12623.8, 12748.9, 12873.7, 12998.1, 13122, 13245.4, 13368.3, 13490.6, 13612.3, 13733.2, 13853.5, 13972.9, 14091.4, 14209, 14325.5, 14441, 14555.3, 14668.3, 14779.9, 14890.2, 14998.8, 15105.9, 15211.1, 15314.5, 15415.9, 15515.1, 15612.1, 15706.7, 15798.7, 15888, 15974.5, 16057.8, 16138, 16214.6, 16287.7, 16356.9, 16422.1, 16482.9, 16539.3, 16590.9, 16637.6, 16678.9, 16714.8, 
631.066, 855.375, 1074.17, 1287.69, 1496.17, 1699.85, 1898.95, 2093.69, 2284.3, 2470.97, 2653.92, 2833.32, 3009.38, 3182.27, 3352.16, 3519.22, 3683.6, 3845.45, 4004.91, 4162.12, 4317.21, 4470.3, 4621.5, 4770.93, 4918.7, 5064.9, 5209.62, 5352.97, 5495.02, 5635.86, 5775.56, 5914.2, 6051.85, 6188.58, 6324.44, 6459.5, 6593.81, 6727.43, 6860.41, 6992.8, 7124.65, 7255.98, 7386.86, 7517.31, 7647.38, 7777.09, 7906.48, 8035.58, 8164.41, 8293.01, 8421.4, 8549.59, 8677.62, 8805.49, 8933.23, 9060.85, 9188.37, 9315.8, 9443.14, 9570.42, 9697.63, 9824.78, 9951.88, 10078.9, 10205.9, 10332.9, 10459.8, 10586.6, 10713.4, 10840.1, 10966.8, 11093.4, 11219.9, 11346.2, 11472.5, 11598.6, 11724.6, 11850.4, 11976, 12101.4, 12226.6, 12351.5, 12476.1, 12600.4, 12724.3, 12847.9, 12971, 13093.6, 13215.8, 13337.4, 13458.4, 13578.8, 13698.5, 13817.4, 13935.6, 14052.9, 14169.2, 14284.6, 14398.9, 14512, 14624, 14734.6, 14843.9, 14951.7, 15057.9, 15162.5, 15265.3, 15366.2, 15465.1, 15561.9, 15656.4, 15748.6, 15838.2, 15925.2, 16009.3, 16090.4, 16168.3, 16242.9, 16314, 16381.3, 16444.7, 16503.9, 16558.8, 16609.2, 16654.7, 16695.2, 16730.4, 16760.1, 
678.041, 908.315, 1133.05, 1352.48, 1566.83, 1776.33, 1981.18, 2181.62, 2377.83, 2570.03, 2758.41, 2943.16, 3124.47, 3302.5, 3477.42, 3649.4, 3818.59, 3985.14, 4149.18, 4310.86, 4470.3, 4627.62, 4782.94, 4936.37, 5088.02, 5237.99, 5386.37, 5533.26, 5678.74, 5822.89, 5965.8, 6107.54, 6248.17, 6387.78, 6526.41, 6664.14, 6801.01, 6937.1, 7072.44, 7207.09, 7341.09, 7474.49, 7607.33, 7739.65, 7871.49, 8002.88, 8133.85, 8264.44, 8394.68, 8524.58, 8654.19, 8783.51, 8912.57, 9041.4, 9170, 9298.4, 9426.6, 9554.63, 9682.49, 9810.19, 9937.74, 10065.2, 10192.4, 10319.6, 10446.6, 10573.4, 10700.2, 10826.7, 10953.2, 11079.5, 11205.6, 11331.6, 11457.4, 11583, 11708.4, 11833.6, 11958.5, 12083.2, 12207.6, 12331.7, 12455.4, 12578.9, 12701.9, 12824.5, 12946.6, 13068.3, 13189.5, 13310.1, 13430.1, 13549.4, 13668.1, 13786, 13903.1, 14019.4, 14134.8, 14249.2, 14362.5, 14474.8, 14585.9, 14695.7, 14804.3, 14911.4, 15017, 15121, 15223.4, 15323.9, 15422.6, 15519.3, 15613.9, 15706.2, 15796.1, 15883.6, 15968.4, 16050.4, 16129.5, 16205.5, 16278.2, 16347.4, 16413, 16474.8, 16532.6, 16586.2, 16635.3, 16679.8, 16719.5, 16754.1, 16783.3, 16807, 
726.784, 962.791, 1193.24, 1418.36, 1638.35, 1853.45, 2063.85, 2269.76, 2471.38, 2668.91, 2862.54, 3052.45, 3238.83, 3421.83, 3601.62, 3778.37, 3952.22, 4123.33, 4291.82, 4457.83, 4621.5, 4782.94, 4942.27, 5099.6, 5255.03, 5408.67, 5560.62, 5710.96, 5859.78, 6007.17, 6153.21, 6297.97, 6441.52, 6583.94, 6725.29, 6865.63, 7005.01, 7143.5, 7281.16, 7418.02, 7554.13, 7689.55, 7824.32, 7958.47, 8092.04, 8225.08, 8357.6, 8489.66, 8621.27, 8752.46, 8883.25, 9013.68, 9143.77, 9273.52, 9402.97, 9532.13, 9661.01, 9789.63, 9917.99, 10046.1, 10174, 10301.7, 10429.1, 10556.3, 10683.3, 10810.1, 10936.7, 11063, 11189.1, 11315, 11440.6, 11566, 11691.1, 11816, 11940.5, 12064.8, 12188.7, 12312.3, 12435.5, 12558.3, 12680.7, 12802.6, 12924.1, 13045, 13165.5, 13285.3, 13404.6, 13523.1, 13641, 13758.2, 13874.5, 13990, 14104.6, 14218.3, 14330.9, 14442.5, 14553, 14662.2, 14770.2, 14876.8, 14982, 15085.6, 15187.7, 15288, 15386.6, 15483.3, 15577.9, 15670.5, 15760.8, 15848.8, 15934.3, 16017.2, 16097.4, 16174.6, 16248.8, 16319.8, 16387.5, 16451.5, 16511.9, 16568.4, 16620.8, 16668.8, 16712.4, 16751.4, 16785.4, 16814.2, 16837.8, 16855.8, 
777.305, 1018.82, 1254.77, 1485.35, 1710.78, 1931.26, 2146.99, 2358.18, 2565.02, 2767.69, 2966.39, 3161.28, 3352.55, 3540.36, 3724.87, 3906.24, 4084.61, 4260.13, 4432.93, 4603.16, 4770.93, 4936.37, 5099.6, 5260.71, 5419.83, 5577.05, 5732.46, 5886.17, 6038.26, 6188.8, 6337.9, 6485.61, 6632.01, 6777.18, 6921.18, 7064.07, 7205.91, 7346.75, 7486.66, 7625.69, 7763.88, 7901.27, 8037.92, 8173.86, 8309.14, 8443.78, 8577.83, 8711.32, 8844.27, 8976.72, 9108.69, 9240.2, 9371.29, 9501.96, 9632.24, 9762.14, 9891.68, 10020.9, 10149.7, 10278.3, 10406.5, 10534.4, 10662, 10789.3, 10916.3, 11043, 11169.4, 11295.5, 11421.3, 11546.7, 11671.9, 11796.7, 11921.1, 12045.2, 12169, 12292.3, 12415.2, 12537.7, 12659.7, 12781.3, 12902.3, 13022.8, 13142.8, 13262.1, 13380.9, 13498.9, 13616.3, 13732.9, 13848.7, 13963.7, 14077.8, 14190.9, 14303.1, 14414.2, 14524.2, 14633, 14740.6, 14846.9, 14951.8, 15055.3, 15157.2, 15257.5, 15356, 15452.8, 15547.7, 15640.6, 15731.4, 15819.9, 15906.2, 15989.9, 16071.1, 16149.6, 16225.2, 16297.9, 16367.4, 16433.6, 16496.3, 16555.4, 16610.7, 16662, 16709.2, 16752, 16790.3, 16823.8, 16852.4, 16875.8, 16893.8, 16906.3, 
829.612, 1076.43, 1317.66, 1553.5, 1784.15, 2009.82, 2230.69, 2446.96, 2658.82, 2866.46, 3070.04, 3269.74, 3465.74, 3658.19, 3847.26, 4033.09, 4215.84, 4395.64, 4572.63, 4746.94, 4918.7, 5088.02, 5255.03, 5419.83, 5582.53, 5743.22, 5902.02, 6059, 6214.27, 6367.89, 6519.96, 6670.56, 6819.74, 6967.59, 7114.18, 7259.55, 7403.79, 7546.94, 7689.06, 7830.2, 7970.41, 8109.74, 8248.23, 8385.93, 8522.87, 8659.09, 8794.63, 8929.52, 9063.79, 9197.46, 9330.58, 9463.16, 9595.22, 9726.79, 9857.88, 9988.51, 10118.7, 10248.5, 10377.8, 10506.7, 10635.3, 10763.4, 10891.2, 11018.6, 11145.6, 11272.2, 11398.4, 11524.3, 11649.7, 11774.8, 11899.5, 12023.7, 12147.5, 12270.9, 12393.8, 12516.2, 12638.2, 12759.6, 12880.5, 13000.8, 13120.5, 13239.6, 13358.1, 13475.9, 13592.9, 13709.2, 13824.7, 13939.4, 14053.2, 14166.1, 14277.9, 14388.8, 14498.6, 14607.2, 14714.6, 14820.7, 14925.6, 15029, 15130.9, 15231.3, 15330, 15427, 15522.2, 15615.5, 15706.8, 15796, 15883, 15967.7, 16049.9, 16129.6, 16206.6, 16280.8, 16352.1, 16420.3, 16485.2, 16546.7, 16604.7, 16659, 16709.5, 16755.8, 16798, 16835.7, 16868.8, 16897.1, 16920.5, 16938.7, 16951.4, 16958.6, 
883.715, 1135.63, 1381.93, 1622.83, 1858.51, 2089.16, 2314.98, 2536.15, 2752.85, 2965.27, 3173.56, 3377.91, 3578.47, 3775.42, 3968.89, 4159.04, 4346.02, 4529.96, 4711.01, 4889.28, 5064.9, 5237.99, 5408.67, 5577.05, 5743.22, 5907.31, 6069.39, 6229.56, 6387.92, 6544.54, 6699.51, 6852.91, 7004.8, 7155.27, 7304.38, 7452.19, 7598.76, 7744.16, 7888.43, 8031.64, 8173.83, 8315.04, 8455.34, 8594.74, 8733.31, 8871.08, 9008.07, 9144.33, 9279.89, 9414.77, 9549.01, 9682.63, 9815.65, 9948.09, 10080, 10211.3, 10342.1, 10472.5, 10602.3, 10731.6, 10860.5, 10988.9, 11116.8, 11244.2, 11371.2, 11497.8, 11623.9, 11749.5, 11874.6, 11999.3, 12123.5, 12247.1, 12370.3, 12493, 12615.1, 12736.6, 12857.6, 12978, 13097.8, 13216.9, 13335.3, 13453.1, 13570.1, 13686.3, 13801.7, 13916.3, 14030, 14142.8, 14254.6, 14365.4, 14475.2, 14583.8, 14691.2, 14797.4, 14902.3, 15005.8, 15107.9, 15208.5, 15307.5, 15404.9, 15500.6, 15594.4, 15686.3, 15776.2, 15864, 15949.7, 16033, 16113.9, 16192.3, 16268, 16341, 16411, 16478, 16541.9, 16602.4, 16659.5, 16712.9, 16762.6, 16808.3, 16849.9, 16887.2, 16920, 16948.2, 16971.5, 16989.8, 17002.9, 17010.6, 17012.7, 
939.619, 1196.43, 1447.62, 1693.38, 1933.89, 2169.35, 2399.93, 2625.81, 2847.18, 3064.19, 3277.03, 3485.86, 3690.83, 3892.1, 4089.83, 4284.16, 4475.24, 4663.19, 4848.15, 5030.26, 5209.62, 5386.37, 5560.62, 5732.46, 5902.02, 6069.39, 6234.66, 6397.94, 6559.3, 6718.84, 6876.63, 7032.76, 7187.3, 7340.31, 7491.88, 7642.05, 7790.91, 7938.49, 8084.87, 8230.09, 8374.21, 8517.27, 8659.32, 8800.41, 8940.56, 9079.83, 9218.25, 9355.85, 9492.67, 9628.73, 9764.06, 9898.69, 10032.6, 10165.9, 10298.6, 10430.7, 10562.1, 10693, 10823.3, 10953, 11082.1, 11210.8, 11338.8, 11466.4, 11593.4, 11719.8, 11845.8, 11971.1, 12096, 12220.3, 12344, 12467.1, 12589.7, 12711.6, 12832.9, 12953.6, 13073.7, 13193.1, 13311.7, 13429.7, 13546.9, 13663.2, 13778.8, 13893.6, 14007.4, 14120.3, 14232.3, 14343.2, 14453.1, 14561.9, 14669.5, 14775.9, 14881.1, 14984.9, 15087.3, 15188.3, 15287.8, 15385.6, 15481.8, 15576.3, 15668.9, 15759.7, 15848.4, 15935, 16019.5, 16101.6, 16181.4, 16258.6, 16333.3, 16405.2, 16474.2, 16540.2, 16603.2, 16662.8, 16719.1, 16771.8, 16820.9, 16866, 16907.2, 16944.2, 16976.8, 17004.9, 17028.3, 17046.9, 17060.4, 17068.6, 17071.4, 17068.6, 
997.334, 1258.85, 1514.74, 1765.17, 2010.34, 2250.41, 2485.57, 2715.99, 2941.85, 3163.3, 3380.52, 3593.66, 3802.88, 4008.34, 4210.18, 4408.54, 4603.57, 4795.4, 4984.16, 5169.98, 5352.97, 5533.26, 5710.96, 5886.17, 6059, 6229.56, 6397.94, 6564.22, 6728.51, 6890.88, 7051.42, 7210.2, 7367.31, 7522.8, 7676.76, 7829.25, 7980.32, 8130.04, 8278.47, 8425.66, 8571.66, 8716.51, 8860.28, 9002.99, 9144.7, 9285.44, 9425.24, 9564.15, 9702.2, 9839.41, 9975.81, 10111.4, 10246.3, 10380.4, 10513.9, 10646.6, 10778.7, 10910, 11040.8, 11170.9, 11300.3, 11429.2, 11557.4, 11685, 11812, 11938.4, 12064.2, 12189.3, 12313.9, 12437.8, 12561, 12683.7, 12805.6, 12926.9, 13047.4, 13167.3, 13286.4, 13404.8, 13522.4, 13639.2, 13755.2, 13870.2, 13984.4, 14097.7, 14210, 14321.3, 14431.5, 14540.7, 14648.7, 14755.5, 14861, 14965.3, 15068.2, 15169.8, 15269.8, 15368.3, 15465.2, 15560.4, 15653.9, 15745.5, 15835.2, 15922.9, 16008.6, 16092, 16173.2, 16252, 16328.3, 16402, 16473, 16541.2, 16606.4, 16668.6, 16727.5, 16783.2, 16835.3, 16883.9, 16928.7, 16969.5, 17006.3, 17038.8, 17067, 17090.6, 17109.4, 17123.3, 17132.2, 17135.7, 17133.9, 17126.3, 
1056.86, 1322.91, 1583.3, 1838.23, 2087.87, 2332.38, 2571.95, 2806.74, 3036.92, 3262.64, 3484.08, 3701.38, 3914.7, 4124.19, 4330, 4532.26, 4731.11, 4926.68, 5119.11, 5308.52, 5495.02, 5678.74, 5859.78, 6038.26, 6214.27, 6387.92, 6559.3, 6728.51, 6895.63, 7060.75, 7223.96, 7385.33, 7544.93, 7702.84, 7859.12, 8013.85, 8167.09, 8318.89, 8469.31, 8618.41, 8766.24, 8912.85, 9058.28, 9202.59, 9345.81, 9487.98, 9629.14, 9769.32, 9908.57, 10046.9, 10184.3, 10320.9, 10456.7, 10591.7, 10725.8, 10859.2, 10991.9, 11123.8, 11254.9, 11385.4, 11515.2, 11644.2, 11772.6, 11900.3, 12027.3, 12153.6, 12279.2, 12404.2, 12528.4, 12651.9, 12774.8, 12896.9, 13018.2, 13138.8, 13258.7, 13377.7, 13495.9, 13613.3, 13729.9, 13845.6, 13960.3, 14074.1, 14187, 14298.8, 14409.6, 14519.3, 14627.8, 14735.2, 14841.4, 14946.3, 15049.9, 15152.1, 15252.9, 15352.1, 15449.8, 15545.9, 15640.3, 15733, 15823.8, 15912.6, 15999.5, 16084.3, 16166.9, 16247.3, 16325.3, 16400.8, 16473.7, 16544, 16611.5, 16676.1, 16737.7, 16796.1, 16851.3, 16903, 16951.2, 16995.7, 17036.4, 17073.1, 17105.6, 17133.9, 17157.7, 17177, 17191.4, 17200.9, 17205.2, 17204.3, 17197.9, 17185.9, 
1118.22, 1388.61, 1653.34, 1912.59, 2166.52, 2415.31, 2659.11, 2898.1, 3132.43, 3362.27, 3587.77, 3809.08, 4026.35, 4239.73, 4449.36, 4655.38, 4857.92, 5057.11, 5253.09, 5445.96, 5635.86, 5822.89, 6007.17, 6188.8, 6367.89, 6544.54, 6718.84, 6890.88, 7060.75, 7228.55, 7394.34, 7558.21, 7720.24, 7880.49, 8039.04, 8195.95, 8351.28, 8505.11, 8657.47, 8808.43, 8958.04, 9106.36, 9253.42, 9399.27, 9543.96, 9687.53, 9830.01, 9971.43, 10111.8, 10251.3, 10389.7, 10527.3, 10663.9, 10799.7, 10934.5, 11068.6, 11201.8, 11334.2, 11465.8, 11596.7, 11726.7, 11856, 11984.5, 12112.3, 12239.3, 12365.5, 12491, 12615.7, 12739.7, 12862.8, 12985.2, 13106.8, 13227.6, 13347.5, 13466.7, 13584.9, 13702.3, 13818.7, 13934.3, 14048.8, 14162.4, 14275, 14386.5, 14497, 14606.3, 14714.4, 14821.4, 14927, 15031.4, 15134.5, 15236.1, 15336.3, 15434.9, 15532, 15627.5, 15721.2, 15813.2, 15903.3, 15991.5, 16077.8, 16161.9, 16243.8, 16323.5, 16400.9, 16475.8, 16548.2, 16617.9, 16684.9, 16749, 16810.1, 16868.1, 16922.9, 16974.4, 17022.4, 17066.7, 17107.4, 17144.1, 17176.8, 17205.3, 17229.4, 17249.1, 17264.1, 17274.3, 17279.5, 17279.6, 17274.3, 17263.6, 17247.2, 
1181.4, 1455.96, 1724.86, 1988.26, 2246.32, 2499.21, 2747.09, 2990.12, 3228.45, 3462.24, 3691.65, 3916.82, 4137.9, 4355.02, 4568.34, 4777.98, 4984.08, 5186.77, 5386.16, 5582.39, 5775.56, 5965.8, 6153.21, 6337.9, 6519.96, 6699.51, 6876.63, 7051.42, 7223.96, 7394.34, 7562.64, 7728.95, 7893.33, 8055.85, 8216.6, 8375.62, 8533, 8688.78, 8843.03, 8995.8, 9147.15, 9297.12, 9445.76, 9593.12, 9739.24, 9884.16, 10027.9, 10170.6, 10312.1, 10452.6, 10592.1, 10730.5, 10868, 11004.5, 11140.1, 11274.8, 11408.6, 11541.5, 11673.5, 11804.7, 11935, 12064.5, 12193.2, 12321, 12448, 12574.2, 12699.5, 12824, 12947.7, 13070.5, 13192.5, 13313.6, 13433.8, 13553.1, 13671.5, 13789, 13905.5, 14021.1, 14135.6, 14249.1, 14361.6, 14472.9, 14583.2, 14692.2, 14800.1, 14906.8, 15012.1, 15116.1, 15218.8, 15320, 15419.8, 15518, 15614.6, 15709.6, 15802.9, 15894.3, 15983.9, 16071.6, 16157.3, 16241, 16322.4, 16401.6, 16478.5, 16553, 16624.9, 16694.2, 16760.8, 16824.6, 16885.4, 16943.2, 16997.8, 17049.1, 17097, 17141.3, 17182, 17218.9, 17251.8, 17280.7, 17305.2, 17325.4, 17341.1, 17352.1, 17358.2, 17359.3, 17355.3, 17345.9, 17331, 17310.4, 
1246.41, 1524.99, 1797.88, 2065.27, 2327.3, 2584.13, 2835.92, 3082.83, 3325, 3562.6, 3795.77, 4024.65, 4249.39, 4470.12, 4686.99, 4900.12, 5109.65, 5315.71, 5518.4, 5717.86, 5914.2, 6107.54, 6297.97, 6485.61, 6670.56, 6852.91, 7032.76, 7210.2, 7385.33, 7558.21, 7728.95, 7897.61, 8064.26, 8229, 8391.87, 8552.95, 8712.31, 8869.99, 9026.07, 9180.6, 9333.63, 9485.21, 9635.39, 9784.21, 9931.72, 10078, 10223, 10366.8, 10509.4, 10651, 10791.4, 10930.7, 11069, 11206.3, 11342.6, 11477.9, 11612.2, 11745.6, 11878, 12009.5, 12140.1, 12269.8, 12398.6, 12526.5, 12653.5, 12779.6, 12904.8, 13029.1, 13152.5, 13275, 13396.6, 13517.2, 13636.9, 13755.6, 13873.3, 13990, 14105.7, 14220.4, 14334, 14446.4, 14557.8, 14668, 14777, 14884.7, 14991.2, 15096.4, 15200.2, 15302.6, 15403.6, 15503.1, 15601, 15697.3, 15792, 15884.9, 15976, 16065.3, 16152.6, 16237.9, 16321.2, 16402.3, 16481.2, 16557.8, 16631.9, 16703.6, 16772.6, 16839, 16902.5, 16963.2, 17020.9, 17075.4, 17126.7, 17174.7, 17219.1, 17260, 17297.1, 17330.4, 17359.7, 17384.8, 17405.6, 17422, 17433.8, 17440.9, 17443.1, 17440.3, 17432.3, 17418.9, 17400, 17375.4, 
1313.26, 1595.69, 1872.42, 2143.63, 2409.46, 2670.08, 2925.63, 3176.27, 3422.14, 3663.39, 3900.17, 4132.62, 4360.88, 4585.09, 4805.38, 5021.87, 5234.71, 5444, 5649.88, 5852.46, 6051.85, 6248.17, 6441.52, 6632.01, 6819.74, 7004.8, 7187.3, 7367.31, 7544.93, 7720.24, 7893.33, 8064.26, 8233.13, 8400, 8564.93, 8728.01, 8889.28, 9048.81, 9206.67, 9362.9, 9517.56, 9670.7, 9822.37, 9972.61, 10121.5, 10269, 10415.2, 10560.2, 10703.9, 10846.4, 10987.8, 11128, 11267.1, 11405.1, 11542, 11677.9, 11812.8, 11946.6, 12079.5, 12211.3, 12342.2, 12472.1, 12601, 12729, 12856, 12982, 13107.1, 13231.2, 13354.3, 13476.5, 13597.6, 13717.8, 13836.9, 13955, 14072.1, 14188.1, 14303, 14416.8, 14529.4, 14640.9, 14751.2, 14860.2, 14968, 15074.5, 15179.6, 15283.4, 15385.7, 15486.6, 15585.9, 15683.7, 15779.8, 15874.3, 15967, 16057.9, 16147, 16234.1, 16319.3, 16402.3, 16483.2, 16561.9, 16638.3, 16712.3, 16783.8, 16852.7, 16919, 16982.5, 17043.2, 17100.9, 17155.5, 17206.9, 17255, 17299.7, 17340.9, 17378.4, 17412.1, 17441.9, 17467.6, 17489.2, 17506.4, 17519.1, 17527.3, 17530.6, 17529.1, 17522.5, 17510.6, 17493.4, 17470.7, 17442.3, 
1381.96, 1668.07, 1948.49, 2223.37, 2492.85, 2757.1, 3016.26, 3270.47, 3519.89, 3764.66, 4004.91, 4240.79, 4472.43, 4699.98, 4923.55, 5143.28, 5359.3, 5571.71, 5780.66, 5986.24, 6188.58, 6387.78, 6583.94, 6777.18, 6967.59, 7155.27, 7340.31, 7522.8, 7702.84, 7880.49, 8055.85, 8229, 8400, 8568.93, 8735.86, 8900.86, 9063.99, 9225.31, 9384.89, 9542.77, 9699.01, 9853.66, 10006.8, 10158.4, 10308.6, 10457.3, 10604.7, 10750.8, 10895.5, 11039, 11181.3, 11322.4, 11462.2, 11601, 11738.5, 11875, 12010.4, 12144.7, 12277.9, 12410.1, 12541.2, 12671.3, 12800.3, 12928.4, 13055.4, 13181.3, 13306.3, 13430.2, 13553.1, 13674.9, 13795.7, 13915.4, 14034, 14151.5, 14268, 14383.2, 14497.4, 14610.3, 14722, 14832.5, 14941.8, 15049.7, 15156.3, 15261.6, 15365.4, 15467.8, 15568.7, 15668, 15765.8, 15861.9, 15956.3, 16049, 16139.9, 16228.9, 16315.9, 16401, 16484, 16564.9, 16643.5, 16719.8, 16793.8, 16865.3, 16934.3, 17000.6, 17064.2, 17124.9, 17182.8, 17237.6, 17289.2, 17337.7, 17382.7, 17424.3, 17462.3, 17496.6, 17527, 17553.4, 17575.8, 17593.9, 17607.7, 17616.9, 17621.5, 17621.3, 17616.1, 17605.9, 17590.4, 17569.5, 17543.1, 17511, 
1452.5, 1742.15, 2026.1, 2304.49, 2577.48, 2845.21, 3107.83, 3365.47, 3618.3, 3866.43, 4110.02, 4349.19, 4584.09, 4814.84, 5041.57, 5264.41, 5483.48, 5698.9, 5910.79, 6119.27, 6324.44, 6526.41, 6725.29, 6921.18, 7114.18, 7304.38, 7491.88, 7676.76, 7859.12, 8039.04, 8216.6, 8391.87, 8564.93, 8735.86, 8904.72, 9071.58, 9236.51, 9399.56, 9560.8, 9720.27, 9878.04, 10034.2, 10188.7, 10341.6, 10493.1, 10643, 10791.6, 10938.7, 11084.5, 11228.9, 11372, 11513.9, 11654.5, 11794, 11932.2, 12069.2, 12205.1, 12339.8, 12473.4, 12605.9, 12737.3, 12867.5, 12996.7, 13124.8, 13251.8, 13377.7, 13502.5, 13626.3, 13748.9, 13870.4, 13990.8, 14110.1, 14228.2, 14345.2, 14461, 14575.5, 14688.9, 14801, 14911.9, 15021.5, 15129.7, 15236.6, 15342, 15446.1, 15548.6, 15649.7, 15749.2, 15847, 15943.3, 16037.8, 16130.6, 16221.5, 16310.6, 16397.7, 16482.9, 16565.9, 16646.9, 16725.6, 16802, 16876.1, 16947.8, 17016.9, 17083.4, 17147.2, 17208.2, 17266.3, 17321.4, 17373.4, 17422.3, 17467.8, 17509.9, 17548.5, 17583.4, 17614.6, 17641.8, 17665.1, 17684.2, 17699, 17709.4, 17715.3, 17716.5, 17712.8, 17704.2, 17690.5, 17671.5, 17647.1, 17617.1, 17581.5, 
